%CALCULATE UTM ZONE 

%station = longitude/6 + 31 
%https://apollomapping.com/blog/gtm-finding-a-utm-zone-number-easily

ANK_ZONE = 32.7582171040856/6 +31;
CHIN_ZONE = -81.8065649326239/6 +31;
ISTA_ZONE = 29.0193410786552/6 +31;
FALK_ZONE = -57.8740673611957/6 +31;
TRAB_ZONE = 39.7755721614353/6 +31;
VANU_ZONE = 168.315147092419/6 +31;

